Sira	Kod	Nota53	NotaAE	Koma53	KomaAE	Pay	Payda	Ms	LNS	Bas	Soz1	Offset
1	51			0	0	9	4	0	22	0	Ağıraksak	0
2	9	Sol5	G5	349	349	1	4	833	95	96	ARANAĞME	0.1111111
3	9	Mi5b5	E5b5	331	331	3	32	312	95	96	.	0.1527778
4	9	Re5	D5	327	327	1	32	104	95	96	.	0.1666667
5	9	Do5	C5	318	318	1	8	417	95	96	.	0.2222222
6	9	Re5	D5	327	327	1	4	833	95	96	.	0.3333333
7	9	Si4b5	B4b5	309	309	3	32	312	95	96	.	0.375
8	9	La4b5	A4b5	300	300	1	32	104	95	96	.	0.3888889
9	9	Sol4	G4	296	296	1	8	417	95	96	.	0.4444444
10	9	Do5	C5	318	318	1	4	833	95	96	.	0.5555556
11	9	Si4b5	B4b5	309	309	1	16	208	95	96	.	0.5833333
12	9	La4b5	A4b5	300	300	1	16	208	95	96	.	0.6111111
13	9	La4b5	A4b5	300	300	1	16	208	95	96	.	0.6388889
14	9	Sol4	G4	296	296	1	16	208	95	96	.	0.6666667
15	9	Sol4	G4	296	296	1	4	833	95	96	.	0.7777778
16	53			0	0	0	0	0	0	0		0.7777778
17	9	Sol5	G5	349	349	1	16	208	95	96	.	0.8055556
18	9	Fa5	F5	340	340	1	16	208	95	96	.	0.8333333
19	9	Mi5b1	E5b1	335	335	1	16	208	95	96	.	0.8611111
20	9	Sol5	G5	349	349	1	16	208	95	96	.	0.8888889
21	9	Fa5	F5	340	340	1	4	833	95	96	.	1
22	53			0	0	0	0	0	0	0		1
23	9	Mi5b2	E5b1	334	335	1	8	417	95	96	.	1.055556
24	9	Fa5	F5	340	340	1	4	833	95	96	.	1.166667
25	9	Fa5	F5	340	340	1	16	208	95	96	.	1.194444
26	9	Mi5b2	E5b1	334	335	1	16	208	95	96	.	1.222222
27	9	Mi5b2	E5b1	334	335	1	8	417	95	96	.	1.277778
28	9	Re5	D5	327	327	1	8	417	95	96	.	1.333333
29	53			0	0	0	0	0	0	0		1.333333
30	9	Si5b5	B5b5	362	362	1	16	208	95	96	.	1.361111
31	9	La5	A5	358	358	1	16	208	95	96	.	1.388889
32	9	Sol5	G5	349	349	1	8	417	95	96	.	1.444444
33	9	Fa5	F5	340	340	3	16	625	95	96	.	1.527778
34	9	Mi5b2	E5b1	334	335	1	16	208	95	96	.	1.555556
35	9	Fa5	F5	340	340	1	16	208	95	96	.	1.583333
36	9	Mi5b2	E5b1	334	335	1	16	208	95	96	.	1.611111
37	9	Mi5b2	E5b1	334	335	1	16	208	95	96	.	1.638889
38	9	Re5	D5	327	327	1	16	208	95	96	.	1.666667
39	9	Re5	D5	327	327	1	4	833	95	96	.	1.777778
40	53			0	0	0	0	0	0	0		1.777778
41	9	Do5	C5	318	318	1	16	208	95	96	.	1.805556
42	9	Re5	D5	327	327	1	16	208	95	96	.	1.833333
43	9	Mi5b2	E5b1	334	335	1	16	208	95	96	.	1.861111
44	9	Fa5	F5	340	340	1	16	208	95	96	.	1.888889
45	9	Sol5	G5	349	349	1	4	833	95	96	.	2
46	53			0	0	0	0	0	0	0		2
47	9	Do5	C5	318	318	1	16	208	95	96	.	2.027778
48	9	Re5	D5	327	327	1	16	208	95	96	.	2.055556
49	9	Mi5b2	E5b1	334	335	1	16	208	95	96	.	2.083333
50	9	Fa5	F5	340	340	1	16	208	95	96	.	2.111111
51	9	Sol5	G5	349	349	1	16	208	95	96	.	2.138889
52	9	Fa5	F5	340	340	1	16	208	95	96	.	2.166667
53	9	Sol5	G5	349	349	1	8	417	95	96	.	2.222222
54	9	Si4b5	B4b5	309	309	1	16	208	95	96	.	2.25
55	9	Do5	C5	318	318	1	16	208	95	96	.	2.277778
56	9	Re5	D5	327	327	1	16	208	95	96	.	2.305556
57	9	Mi5b2	E5b1	334	335	1	16	208	95	96	.	2.333333
58	9	Fa5	F5	340	340	1	16	208	95	96	.	2.361111
59	9	Mi5b2	E5b1	334	335	1	16	208	95	96	.	2.388889
60	9	Fa5	F5	340	340	1	8	417	50	96	.	2.444444
61	53			0	0	0	0	0	0	0		2.444444
62	9	Re5	D5	327	327	1	8	417	95	96	.	2.5
63	9	Mi5b5	E5b5	331	331	1	16	208	95	96	.	2.527778
64	9	Re5	D5	327	327	1	16	208	95	96	.	2.555556
65	9	Mi5b5	E5b5	331	331	1	8	417	95	96	.	2.611111
66	9	Sol5	G5	349	349	1	8	417	95	96	.	2.666667
67	9	Fa5	F5	340	340	1	8	417	95	96	.	2.722222
68	9	Mi5b5	E5b5	331	331	1	8	417	95	96	.	2.777778
69	9	Re5	D5	327	327	1	8	417	95	96	.	2.833333
70	9	Do5	C5	318	318	1	8	417	95	96	.	2.888889
71	9	Si4b5	B4b5	309	309	1	8	417	95	96	.	2.944444
72	9	La4b5	A4b5	300	300	1	8	417	95	96	.	3
73	53			0	0	0	0	0	0	0		3
74	9	Sol4	G4	296	296	1	16	208	95	96	.	3.027778
75	9	La4b5	A4b5	300	300	1	16	208	95	96	.	3.055556
76	9	Sol4	G4	296	296	1	16	208	95	96	.	3.083333
77	9	La4b5	A4b5	300	300	1	16	208	95	96	.	3.111111
78	9	Sol4	G4	296	296	1	16	208	95	96	.	3.138889
79	9	La4b5	A4b5	300	300	1	16	208	95	96	.	3.166667
80	9	Sol4	G4	296	296	1	16	208	95	96	.	3.194444
81	9	Fa4	F4	287	287	1	16	208	95	96	.	3.222222
82	53			0	0	0	0	0	0	0		3.222222
83	9	Re5	D5	327	327	1	24	139	95	96	.	3.240741
84	9	Mi5b5	E5b5	331	331	1	24	139	95	96	.	3.259259
85	9	Fa5	F5	340	340	1	24	139	95	96	.	3.277778
86	9	Sol5	G5	349	349	1	8	417	95	96	.	3.333333
87	9	Fa5	F5	340	340	1	24	139	95	96	.	3.351852
88	9	Mi5b5	E5b5	331	331	1	24	139	95	96	.	3.37037
89	9	Re5	D5	327	327	1	24	139	95	96	.	3.388889
90	9	Do5	C5	318	318	1	8	417	95	96	.	3.444444
91	53			0	0	0	0	0	0	0		3.444444
92	9	Si4b5	B4b5	309	309	3	16	625	95	96	.	3.527778
93	9	La4b5	A4b5	300	300	1	16	208	95	96	.	3.555556
94	9	Si4b5	B4b5	309	309	1	16	208	95	96	.	3.583333
95	9	La4b5	A4b5	300	300	1	16	208	95	96	.	3.611111
96	9	La4b5	A4b5	300	300	1	16	208	95	96	.	3.638889
97	9	Sol4	G4	296	296	1	16	208	95	96	.	3.666667
98	9	Sol4	G4	296	296	1	4	833	95	96	.	3.777778
99	53			0	0	0	0	0	0	0		3.777778
100	9	Do5	C5	318	318	1	16	208	95	96	.	3.805556
101	9	Re5	D5	327	327	1	16	208	95	96	.	3.833333
102	9	Mi5b2	E5b1	334	335	1	16	208	95	96	.	3.861111
103	9	Fa5	F5	340	340	1	16	208	95	96	.	3.888889
104	9	Sol5	G5	349	349	1	4	833	95	96	.	4
105	53			0	0	0	0	0	0	0		4
106	9	Sol5	G5	349	349	1	4	833	95	96	ARANAĞME	4.111111
107	9	Mi5b5	E5b5	331	331	3	32	312	95	96	.	4.152778
108	9	Re5	D5	327	327	1	32	104	95	96	.	4.166667
109	9	Do5	C5	318	318	1	8	417	95	96	.	4.222222
110	9	Re5	D5	327	327	1	4	833	95	96	.	4.333333
111	9	Si4b5	B4b5	309	309	3	32	312	95	96	.	4.375
112	9	La4b5	A4b5	300	300	1	32	104	95	96	.	4.388889
113	9	Sol4	G4	296	296	1	8	417	95	96	.	4.444445
114	9	Do5	C5	318	318	1	4	833	95	96	.	4.555555
115	9	Si4b5	B4b5	309	309	1	16	208	95	96	.	4.583333
116	9	La4b5	A4b5	300	300	1	16	208	95	96	.	4.611111
117	9	La4b5	A4b5	300	300	1	16	208	95	96	.	4.638889
118	9	Sol4	G4	296	296	1	16	208	95	96	.	4.666667
119	9	Sol4	G4	296	296	1	4	833	95	96	.	4.777778
120	53			0	0	0	0	0	0	0		4.777778
121	9	Sol5	G5	349	349	1	16	208	95	96	.	4.805555
122	9	Fa5	F5	340	340	1	16	208	95	96	.	4.833333
123	9	Mi5b1	E5b1	335	335	1	16	208	95	96	.	4.861111
124	9	Sol5	G5	349	349	1	16	208	95	96	.	4.888889
125	9	Fa5	F5	340	340	1	4	833	95	96	.	5
126	53			0	0	0	0	0	0	0		5
127	9	Mi5b2	E5b1	334	335	1	8	417	95	96	.	5.055555
128	9	Fa5	F5	340	340	1	4	833	95	96	.	5.166667
129	9	Fa5	F5	340	340	1	16	208	95	96	.	5.194445
130	9	Mi5b2	E5b1	334	335	1	16	208	95	96	.	5.222222
131	9	Mi5b2	E5b1	334	335	1	8	417	95	96	.	5.277778
132	9	Re5	D5	327	327	1	8	417	95	96	.	5.333333
133	53			0	0	0	0	0	0	0		5.333333
134	9	Si5b5	B5b5	362	362	1	16	208	95	96	.	5.361111
135	9	La5	A5	358	358	1	16	208	95	96	.	5.388889
136	9	Sol5	G5	349	349	1	8	417	95	96	.	5.444445
137	9	Fa5	F5	340	340	3	16	625	95	96	.	5.527778
138	9	Mi5b2	E5b1	334	335	1	16	208	95	96	.	5.555555
139	9	Fa5	F5	340	340	1	16	208	95	96	.	5.583333
140	9	Mi5b2	E5b1	334	335	1	16	208	95	96	.	5.611111
141	9	Mi5b2	E5b1	334	335	1	16	208	95	96	.	5.638889
142	9	Re5	D5	327	327	1	16	208	95	96	.	5.666667
143	9	Re5	D5	327	327	1	4	833	95	96	.	5.777778
144	53			0	0	0	0	0	0	0		5.777778
145	9	Do5	C5	318	318	1	16	208	95	96	.	5.805555
146	9	Re5	D5	327	327	1	16	208	95	96	.	5.833333
147	9	Mi5b2	E5b1	334	335	1	16	208	95	96	.	5.861111
148	9	Fa5	F5	340	340	1	16	208	95	96	.	5.888889
149	9	Sol5	G5	349	349	1	4	833	95	96	.	6
150	53			0	0	0	0	0	0	0		6
151	9	Do5	C5	318	318	1	16	208	95	96	.	6.027778
152	9	Re5	D5	327	327	1	16	208	95	96	.	6.055555
153	9	Mi5b2	E5b1	334	335	1	16	208	95	96	.	6.083333
154	9	Fa5	F5	340	340	1	16	208	95	96	.	6.111111
155	9	Sol5	G5	349	349	1	16	208	95	96	.	6.138889
156	9	Fa5	F5	340	340	1	16	208	95	96	.	6.166667
157	9	Sol5	G5	349	349	1	8	417	95	96	.	6.222222
158	9	Si4b5	B4b5	309	309	1	16	208	95	96	.	6.25
159	9	Do5	C5	318	318	1	16	208	95	96	.	6.277778
160	9	Re5	D5	327	327	1	16	208	95	96	.	6.305555
161	9	Mi5b2	E5b1	334	335	1	16	208	95	96	.	6.333333
162	9	Fa5	F5	340	340	1	16	208	95	96	.	6.361111
163	9	Mi5b2	E5b1	334	335	1	16	208	95	96	.	6.388889
164	9	Fa5	F5	340	340	1	8	417	50	96	.	6.444445
165	53			0	0	0	0	0	0	0		6.444445
166	9	Re5	D5	327	327	1	8	417	95	96	.	6.5
167	9	Mi5b5	E5b5	331	331	1	16	208	95	96	.	6.527778
168	9	Re5	D5	327	327	1	16	208	95	96	.	6.555555
169	9	Mi5b5	E5b5	331	331	1	8	417	95	96	.	6.611111
170	9	Sol5	G5	349	349	1	8	417	95	96	.	6.666667
171	9	Fa5	F5	340	340	1	8	417	95	96	.	6.722222
172	9	Mi5b5	E5b5	331	331	1	8	417	95	96	.	6.777778
173	9	Re5	D5	327	327	1	8	417	95	96	.	6.833333
174	9	Do5	C5	318	318	1	8	417	95	96	.	6.888889
175	9	Si4b5	B4b5	309	309	1	8	417	95	96	.	6.944445
176	9	La4b5	A4b5	300	300	1	8	417	95	96	.	7
177	53			0	0	0	0	0	0	0		7
178	9	Sol4	G4	296	296	1	16	208	95	96	.	7.027778
179	9	La4b5	A4b5	300	300	1	16	208	95	96	.	7.055555
180	9	Sol4	G4	296	296	1	16	208	95	96	.	7.083333
181	9	La4b5	A4b5	300	300	1	16	208	95	96	.	7.111111
182	9	Sol4	G4	296	296	1	16	208	95	96	.	7.138889
183	9	La4b5	A4b5	300	300	1	16	208	95	96	.	7.166667
184	9	Sol4	G4	296	296	1	16	208	95	96	.	7.194445
185	9	Fa4	F4	287	287	1	16	208	95	96	.	7.222222
186	53			0	0	0	0	0	0	0		7.222222
187	9	Re5	D5	327	327	1	24	139	95	96	.	7.240741
188	9	Mi5b5	E5b5	331	331	1	24	139	95	96	.	7.259259
189	9	Fa5	F5	340	340	1	24	139	95	96	.	7.277778
190	9	Sol5	G5	349	349	1	8	417	95	96	.	7.333333
191	9	Fa5	F5	340	340	1	24	139	95	96	.	7.351852
192	9	Mi5b5	E5b5	331	331	1	24	139	95	96	.	7.37037
193	9	Re5	D5	327	327	1	24	139	95	96	.	7.388889
194	9	Do5	C5	318	318	1	8	417	95	96	.	7.444445
195	53			0	0	0	0	0	0	0		7.444445
196	9	Si4b5	B4b5	309	309	3	16	625	95	96	.	7.527778
197	9	La4b5	A4b5	300	300	1	16	208	95	96	.	7.555555
198	9	Si4b5	B4b5	309	309	1	16	208	95	96	.	7.583333
199	9	La4b5	A4b5	300	300	1	16	208	95	96	.	7.611111
200	9	La4b5	A4b5	300	300	1	16	208	95	96	.	7.638889
201	9	Sol4	G4	296	296	1	16	208	95	96	.	7.666667
202	9	Sol4	G4	296	296	3	8	1250	95	96	.	7.833333
203	53			0	0	0	0	0	0	0		7.833333
204	9	Fa4	F4	287	287	1	8	417	95	96	.	7.888889
205	9	Mi5b2	E5b1	334	335	1	8	417	95	96	.	7.944445
206	9	Fa5	F5	340	340	1	8	417	95	96	.	8
207	53			0	0	0	0	0	0	0		8
208	9	Sol5	G5	349	349	1	2	1667	95	96		8.222222
209	53			0	0	0	0	0	0	0		8.222222
210	9	Es	Es	-1	-1	1	8	417	100	0		8.277778
211	9	Fa5	F5	340	340	1	4	833	95	96	Ehl_	8.388889
212	9	Sol5	G5	349	349	1	8	417	95	96	i 	8.444445
213	9	Sol5	G5	349	349	1	2	1667	95	96	aş	8.666667
214	53			0	0	0	0	0	0	0		8.666667
215	9	Sol5	G5	349	349	3	16	625	99	96	kın 	8.75
216	9	La5	A5	358	358	1	16	208	99	96		8.777778
217	9	Fa5	F5	340	340	3	16	625	99	96		8.861111
218	9	Sol5	G5	349	349	1	16	208	99	96		8.888889
219	9	Mi5b3	E5b4	333	332	1	8	417	99	96		8.944445
220	9	Re5	D5	327	327	1	16	208	99	96		8.972222
221	9	Mi5b3	E5b4	333	332	1	16	208	99	96		9
222	9	Fa5	F5	340	340	1	8	417	99	96		9.055555
223	9	Sol5	G5	349	349	1	16	208	99	96		9.083333
224	9	Fa5	F5	340	340	1	16	208	99	96		9.111111
225	9	Mi5b1	E5b1	335	335	1	16	208	99	96		9.138889
226	9	Re5	D5	327	327	1	16	208	99	96		9.166667
227	9	Do5	C5	318	318	1	8	417	95	96		9.222222
228	53			0	0	0	0	0	0	0		9.222222
229	9	Es	Es	-1	-1	1	8	417	100	0		9.277778
230	9	Si5b5	B5b5	362	362	1	4	833	95	96	neş	9.388889
231	9	Si5b5	B5b5	362	362	1	16	208	99	96	ve	9.416667
232	9	La5	A5	358	358	1	16	208	95	96		9.444445
233	9	La5	A5	358	358	3	16	625	99	96	gâ	9.527778
234	9	Sol5	G5	349	349	1	16	208	99	96		9.555555
235	9	Sol5	G5	349	349	1	16	208	99	96		9.583333
236	9	Fa5	F5	340	340	1	16	208	99	96		9.611111
237	9	La5	A5	358	358	1	16	208	99	96		9.638889
238	9	Sol5	G5	349	349	1	16	208	95	96		9.666667
239	9	Sol5	G5	349	349	3	8	1250	99	96	hı 	9.833333
240	9	Fa5	F5	340	340	1	8	417	99	96		9.888889
241	9	Sol5	G5	349	349	1	8	417	99	96		9.944445
242	9	La5	A5	358	358	1	16	208	99	96		9.972222
243	9	Sol5	G5	349	349	1	16	208	99	96		10
244	9	Sol5	G5	349	349	1	2	1667	95	96		10.22222
245	53			0	0	0	0	0	0	0		10.22222
246	9	Es	Es	-1	-1	1	8	417	100	0		10.27778
247	9	La5b4	A5b4	354	354	1	16	208	99	96	kû	10.30556
248	9	Sol5	G5	349	349	1	16	208	99	96		10.33333
249	9	Fa5	F5	340	340	1	8	417	95	96		10.38889
250	9	Sol5	G5	349	349	1	8	417	95	96	şe_	10.44444
251	9	La5b4	A5b4	354	354	1	8	417	99	96	i 	10.5
252	9	Sol5	G5	349	349	1	8	417	99	96		10.55556
253	9	Si5b1	B5b1	366	366	1	8	417	99	96		10.61111
254	9	La5b4	A5b4	354	354	1	16	208	99	96		10.63889
255	9	Sol5	G5	349	349	1	16	208	95	96		10.66667
256	9	Sol5	G5	349	349	3	8	1250	99	96	mey	10.83333
257	9	Sol5	G5	349	349	1	16	208	99	96		10.86111
258	9	Fa5	F5	340	340	1	16	208	99	96		10.88889
259	9	Fa5	F5	340	340	3	16	625	99	96		10.97222
260	9	Mi5b3	E5b4	333	332	1	16	208	99	96		11
261	9	Mi5b3	E5b4	333	332	1	16	208	99	96		11.02778
262	9	Re5	D5	327	327	1	16	208	99	96		11.05556
263	9	Mi5b3	E5b4	333	332	1	16	208	99	96		11.08333
264	9	Fa5	F5	340	340	1	16	208	99	96		11.11111
265	9	Sol5	G5	349	349	1	16	208	99	96		11.13889
266	9	Fa5	F5	340	340	1	16	208	99	96		11.16667
267	9	Mi5b3	E5b4	333	332	1	16	208	99	96		11.19444
268	9	Re5	D5	327	327	1	16	208	99	96		11.22222
269	9	Do5	C5	318	318	1	8	417	95	96		11.27778
270	53			0	0	0	0	0	0	0		11.27778
271	9	Re5	D5	327	327	1	16	208	99	96	ha	11.30556
272	9	Mi5b2	E5b1	334	335	1	16	208	99	96		11.33333
273	9	Fa5	F5	340	340	1	8	417	99	96		11.38889
274	9	Sol5	G5	349	349	1	8	417	99	96		11.44444
275	9	La5b4	A5b4	354	354	1	8	417	99	96		11.5
276	9	Sol5	G5	349	349	1	16	208	99	96		11.52778
277	9	Fa5	F5	340	340	1	16	208	99	96		11.55556
278	9	Si5b1	B5b1	366	366	1	8	417	99	96		11.61111
279	9	La5b4	A5b4	354	354	1	16	208	95	96		11.63889
280	9	Sol5	G5	349	349	1	16	208	95	96	ne	11.66667
281	9	Sol5	G5	349	349	3	8	1250	95	96	dir  	11.83333
282	53			0	0	0	0	0	0	0		11.83333
283	9	Sol5	G5	349	349	1	16	208	95	96	SAZ	11.86111
284	9	La5b4	A5b4	354	354	1	16	208	95	96	.	11.88889
285	9	Sol5	G5	349	349	1	16	208	95	96	.	11.91667
286	9	Fa5	F5	340	340	1	16	208	95	96	.	11.94444
287	9	Mi5b2	E5b1	334	335	1	16	208	95	96	.	11.97222
288	9	Fa5	F5	340	340	1	16	208	95	96	.	12
289	9	Sol5	G5	349	349	3	16	625	95	96	.	12.08333
290	9	La5b5	A5b5	353	353	1	16	208	95	96	.	12.11111
291	9	Sol5	G5	349	349	1	16	208	95	96	.	12.13889
292	9	Si5b1	B5b1	366	366	1	16	208	95	96	.	12.16667
293	9	La5b5	A5b5	353	353	1	8	417	95	96	.	12.22222
294	53			0	0	0	0	0	0	0		12.22222
295	9	Es	Es	-1	-1	1	8	417	100	0		12.27778
296	9	La5b5	A5b5	353	353	1	4	833	95	96	Sâ	12.38889
297	9	La5b5	A5b5	353	353	1	8	417	95	96	ki	12.44444
298	9	La5b5	A5b5	353	353	3	16	625	99	96	yâ 	12.52778
299	9	Sol5	G5	349	349	1	16	208	99	96		12.55556
300	9	Fa5	F5	340	340	1	8	417	99	96		12.61111
301	9	Sol5	G5	349	349	1	8	417	95	96		12.66667
302	9	Mi5b5	E5b5	331	331	3	16	625	99	96	uş	12.75
303	9	Do6	C6	371	371	1	16	208	99	96		12.77778
304	9	Si5b5	B5b5	362	362	1	8	417	99	96		12.83333
305	9	La5b5	A5b5	353	353	1	8	417	99	96		12.88889
306	9	Sol5	G5	349	349	1	8	417	99	96		12.94444
307	9	Fa5	F5	340	340	1	8	417	99	96		13
308	9	Fa5	F5	340	340	1	8	417	99	96		13.05556
309	9	Sol5	G5	349	349	1	16	208	99	96		13.08333
310	9	Fa5	F5	340	340	1	16	208	99	96		13.11111
311	9	Mi5b5	E5b5	331	331	1	16	208	99	96		13.13889
312	9	Re5	D5	327	327	1	16	208	99	96		13.16667
313	9	Mi5b5	E5b5	331	331	1	4	833	95	96		13.27778
314	53			0	0	0	0	0	0	0		13.27778
315	9	Fa5	F5	340	340	1	16	208	99	96	şâ	13.30556
316	9	Mi5b5	E5b5	331	331	1	16	208	99	96		13.33333
317	9	Re5	D5	327	327	1	8	417	95	96		13.38889
318	9	Mi5b5	E5b5	331	331	1	8	417	95	96	kı 	13.44444
319	9	Fa5	F5	340	340	3	16	625	99	96	dil	13.52778
320	9	La5b5	A5b5	353	353	1	16	208	99	96		13.55556
321	9	Sol5	G5	349	349	1	16	208	99	96		13.58333
322	9	Fa5	F5	340	340	1	16	208	99	96		13.61111
323	9	Mi5b5	E5b5	331	331	1	16	208	99	96		13.63889
324	9	Re5	D5	327	327	1	16	208	95	96		13.66667
325	9	Re5	D5	327	327	3	8	1250	99	96	şâd 	13.83333
326	53			0	0	0	0	0	0	0		13.83333
327	9	Do5	C5	318	318	1	8	417	99	96		13.88889
328	9	Re5	D5	327	327	3	32	312	99	96		13.93056
329	9	Fa5	F5	340	340	1	32	104	99	96		13.94444
330	9	Mi5b5	E5b5	331	331	1	16	208	99	96		13.97222
331	9	Re5	D5	327	327	1	16	208	99	96		14
332	9	Re5	D5	327	327	1	16	208	99	96		14.02778
333	9	Mi5b5	E5b5	331	331	1	16	208	99	96		14.05556
334	9	Fa5	F5	340	340	1	16	208	99	96		14.08333
335	9	Sol5	G5	349	349	1	16	208	99	96		14.11111
336	9	Sol5	G5	349	349	1	16	208	99	96		14.13889
337	9	Fa5	F5	340	340	1	16	208	99	96		14.16667
338	9	Mi5b5	E5b5	331	331	1	16	208	99	96		14.19444
339	9	Re5	D5	327	327	1	16	208	99	96		14.22222
340	9	Do5	C5	318	318	1	8	417	95	96		14.27778
341	53			0	0	0	0	0	0	0		14.27778
342	9	Re5	D5	327	327	1	16	208	99	96	ey	14.30556
343	9	Do5	C5	318	318	1	16	208	99	96		14.33333
344	9	Si4b5	B4b5	309	309	1	8	417	95	96		14.38889
345	9	Do5	C5	318	318	1	8	417	95	96	le	14.44444
346	9	Re5	D5	327	327	1	8	417	99	96	yen 	14.5
347	9	Mi5b5	E5b5	331	331	1	8	417	99	96		14.55556
348	9	Fa5	F5	340	340	1	8	417	99	96		14.61111
349	9	Sol5	G5	349	349	1	8	417	95	96		14.66667
350	9	Fa5	F5	340	340	1	8	417	99	96	pey	14.72222
351	9	Sol5	G5	349	349	1	16	208	99	96		14.75
352	9	Fa5	F5	340	340	1	16	208	99	96		14.77778
353	9	Fa5	F5	340	340	1	16	208	99	96		14.80556
354	9	Mi5b5	E5b5	331	331	1	16	208	99	96		14.83333
355	9	Mi5b5	E5b5	331	331	1	16	208	99	96		14.86111
356	9	Re5	D5	327	327	1	16	208	99	96		14.88889
357	9	Re5	D5	327	327	1	16	208	99	96		14.91667
358	9	Do5	C5	318	318	1	16	208	99	96		14.94444
359	9	Do5	C5	318	318	1	16	208	99	96		14.97222
360	9	Si4b5	B4b5	309	309	1	16	208	95	96		15
361	9	Do5	C5	318	318	1	8	417	99	96		15.05556
362	9	Re5	D5	327	327	1	16	208	99	96		15.08333
363	9	Do5	C5	318	318	1	16	208	99	96		15.11111
364	9	Si4b5	B4b5	309	309	1	16	208	99	96		15.13889
365	9	La4b5	A4b5	300	300	1	16	208	99	96		15.16667
366	9	Sol4	G4	296	296	1	16	208	99	96		15.19444
367	9	Fa4	F4	287	287	1	16	208	99	96		15.22222
368	9	Sol4	G4	296	296	1	8	417	95	96		15.27778
369	53			0	0	0	0	0	0	0		15.27778
370	9	Mi5b5	E5b5	331	331	1	4	833	99	96	mâ	15.38889
371	9	Re5	D5	327	327	1	16	208	99	96		15.41667
372	9	Do5	C5	318	318	1	16	208	99	96		15.44444
373	9	Si4b5	B4b5	309	309	1	8	417	99	96		15.5
374	9	Do5	C5	318	318	1	16	208	99	96		15.52778
375	9	Si4b5	B4b5	309	309	1	16	208	99	96		15.55556
376	9	Si4b5	B4b5	309	309	1	16	208	99	96		15.58333
377	9	La4b5	A4b5	300	300	1	16	208	99	96		15.61111
378	9	La4b5	A4b5	300	300	1	16	208	95	96		15.63889
379	9	Sol4	G4	296	296	1	16	208	95	96	ne	15.66667
380	53			0	0	0	0	0	0	0		15.66667
381	9	Sol4	G4	296	296	3	8	1250	95	96	dir  	15.83333
382	9	Sol5	G5	349	349	1	16	208	95	96	SAZ	15.86111
383	9	La5b5	A5b5	353	353	1	16	208	95	96	.	15.88889
384	9	Sol5	G5	349	349	1	16	208	95	96	.	15.91667
385	9	Fa5	F5	340	340	1	16	208	95	96	.	15.94444
386	9	Mi5b2	E5b1	334	335	1	16	208	95	96	.	15.97222
387	9	Fa5	F5	340	340	1	16	208	95	96	.	16
388	53			0	0	0	0	0	0	0		16
389	9	Sol5	G5	349	349	3	16	625	95	96	.	16.08333
390	9	La5b5	A5b5	353	353	1	16	208	95	96	.	16.11111
391	9	Sol5	G5	349	349	1	16	208	95	96	.	16.13889
392	9	Si5b1	B5b1	366	366	1	16	208	95	96	.	16.16667
393	9	La5b5	A5b5	353	353	1	8	417	95	96	.	16.22222
394	53			0	0	0	0	0	0	0		16.22222
395	9	Es	Es	-1	-1	1	8	417	100	0		16.27778
396	9	La5b5	A5b5	353	353	1	4	833	95	96	Sâ	16.38889
397	9	La5b5	A5b5	353	353	1	8	417	95	96	ki	16.44444
398	9	La5b5	A5b5	353	353	3	16	625	99	96	yâ 	16.52778
399	9	Sol5	G5	349	349	1	16	208	99	96		16.55556
400	9	Fa5	F5	340	340	1	8	417	99	96		16.61111
401	9	Sol5	G5	349	349	1	8	417	95	96		16.66667
402	9	Mi5b5	E5b5	331	331	3	16	625	99	96	uş	16.75
403	9	Do6	C6	371	371	1	16	208	99	96		16.77778
404	9	Si5b5	B5b5	362	362	1	8	417	99	96		16.83333
405	9	La5b5	A5b5	353	353	1	8	417	99	96		16.88889
406	9	Sol5	G5	349	349	1	8	417	99	96		16.94444
407	9	Fa5	F5	340	340	1	8	417	99	96		17
408	9	Fa5	F5	340	340	1	8	417	99	96		17.05556
409	9	Sol5	G5	349	349	1	16	208	99	96		17.08333
410	9	Fa5	F5	340	340	1	16	208	99	96		17.11111
411	9	Mi5b5	E5b5	331	331	1	16	208	99	96		17.13889
412	9	Re5	D5	327	327	1	16	208	99	96		17.16667
413	9	Mi5b5	E5b5	331	331	1	4	833	95	96		17.27778
414	53			0	0	0	0	0	0	0		17.27778
415	9	Fa5	F5	340	340	1	16	208	99	96	şâ	17.30556
416	9	Mi5b5	E5b5	331	331	1	16	208	99	96		17.33333
417	9	Re5	D5	327	327	1	8	417	95	96		17.38889
418	9	Mi5b5	E5b5	331	331	1	8	417	95	96	kı 	17.44444
419	9	Fa5	F5	340	340	3	16	625	99	96	dil	17.52778
420	9	La5b5	A5b5	353	353	1	16	208	99	96		17.55556
421	9	Sol5	G5	349	349	1	16	208	99	96		17.58333
422	9	Fa5	F5	340	340	1	16	208	99	96		17.61111
423	9	Mi5b5	E5b5	331	331	1	16	208	99	96		17.63889
424	9	Re5	D5	327	327	1	16	208	95	96		17.66667
425	9	Re5	D5	327	327	3	8	1250	99	96	şâd 	17.83333
426	53			0	0	0	0	0	0	0		17.83333
427	9	Do5	C5	318	318	1	8	417	99	96		17.88889
428	9	Re5	D5	327	327	3	32	312	99	96		17.93056
429	9	Fa5	F5	340	340	1	32	104	99	96		17.94444
430	9	Mi5b5	E5b5	331	331	1	16	208	99	96		17.97222
431	9	Re5	D5	327	327	1	16	208	99	96		18
432	9	Re5	D5	327	327	1	16	208	99	96		18.02778
433	9	Mi5b5	E5b5	331	331	1	16	208	99	96		18.05556
434	9	Fa5	F5	340	340	1	16	208	99	96		18.08333
435	9	Sol5	G5	349	349	1	16	208	99	96		18.11111
436	9	Sol5	G5	349	349	1	16	208	99	96		18.13889
437	9	Fa5	F5	340	340	1	16	208	99	96		18.16667
438	9	Mi5b5	E5b5	331	331	1	16	208	99	96		18.19444
439	9	Re5	D5	327	327	1	16	208	99	96		18.22222
440	9	Do5	C5	318	318	1	8	417	95	96		18.27778
441	53			0	0	0	0	0	0	0		18.27778
442	9	Re5	D5	327	327	1	16	208	99	96	ey	18.30556
443	9	Do5	C5	318	318	1	16	208	99	96		18.33333
444	9	Si4b5	B4b5	309	309	1	8	417	95	96		18.38889
445	9	Do5	C5	318	318	1	8	417	95	96	le	18.44444
446	9	Re5	D5	327	327	1	8	417	99	96	yen 	18.5
447	9	Mi5b5	E5b5	331	331	1	8	417	99	96		18.55556
448	9	Fa5	F5	340	340	1	8	417	99	96		18.61111
449	9	Sol5	G5	349	349	1	8	417	95	96		18.66667
450	9	Fa5	F5	340	340	1	8	417	99	96	pey	18.72222
451	9	Sol5	G5	349	349	1	16	208	99	96		18.75
452	9	Fa5	F5	340	340	1	16	208	99	96		18.77778
453	9	Fa5	F5	340	340	1	16	208	99	96		18.80556
454	9	Mi5b5	E5b5	331	331	1	16	208	99	96		18.83333
455	9	Mi5b5	E5b5	331	331	1	16	208	99	96		18.86111
456	9	Re5	D5	327	327	1	16	208	99	96		18.88889
457	9	Re5	D5	327	327	1	16	208	99	96		18.91667
458	9	Do5	C5	318	318	1	16	208	99	96		18.94444
459	9	Do5	C5	318	318	1	16	208	99	96		18.97222
460	9	Si4b5	B4b5	309	309	1	16	208	95	96		19
461	9	Do5	C5	318	318	1	8	417	99	96		19.05556
462	9	Re5	D5	327	327	1	16	208	99	96		19.08333
463	9	Do5	C5	318	318	1	16	208	99	96		19.11111
464	9	Si4b5	B4b5	309	309	1	16	208	99	96		19.13889
465	9	La4b5	A4b5	300	300	1	16	208	99	96		19.16667
466	9	Sol4	G4	296	296	1	16	208	99	96		19.19444
467	9	Fa4	F4	287	287	1	16	208	99	96		19.22222
468	9	Sol4	G4	296	296	1	8	417	95	96		19.27778
469	53			0	0	0	0	0	0	0		19.27778
470	9	Mi5b5	E5b5	331	331	1	4	833	99	96	mâ	19.38889
471	9	Re5	D5	327	327	1	16	208	99	96		19.41667
472	9	Do5	C5	318	318	1	16	208	99	96		19.44444
473	9	Si4b5	B4b5	309	309	1	8	417	99	96		19.5
474	9	Do5	C5	318	318	1	16	208	99	96		19.52778
475	9	Si4b5	B4b5	309	309	1	16	208	99	96		19.55556
476	9	Si4b5	B4b5	309	309	1	16	208	99	96		19.58333
477	9	La4b5	A4b5	300	300	1	16	208	99	96		19.61111
478	9	La4b5	A4b5	300	300	1	16	208	95	96		19.63889
479	9	Sol4	G4	296	296	1	16	208	95	96	ne	19.66667
480	9	Sol4	G4	296	296	3	8	1250	95	96	dir  	19.83333
481	53			0	0	0	0	0	0	0		19.83333
482	54			0	0	0	0	0	0	0	nev`eser@sol4	19.83333
483	9	Re5	D5	327	327	1	16	208	95	96	SAZ	19.86111
484	9	Mi5b5	E5b5	331	331	1	16	208	95	96	.	19.88889
485	9	Re5	D5	327	327	1	16	208	95	96	.	19.91667
486	9	Do5#4	C5#4	322	322	1	16	208	95	96	.	19.94444
487	9	Si4b5	B4b5	309	309	1	16	208	95	96	.	19.97222
488	9	Do5#4	C5#4	322	322	1	16	208	95	96	.	20
489	9	Re5	D5	327	327	3	16	625	95	96	.	20.08333
490	9	Mi5b4	E5b4	332	332	1	16	208	95	96	.	20.11111
491	9	Re5	D5	327	327	1	16	208	95	96	.	20.13889
492	9	Do5#4	C5#4	322	322	1	16	208	95	96	.	20.16667
493	9	Re5	D5	327	327	1	8	417	95	96	.	20.22222
494	55			0	0	0	0	0	0	0		20.22222
495	53			0	0	0	0	0	0	0		20.22222
496	9	Es	Es	-1	-1	1	8	417	100	0		20.27778
497	9	Do5#4	C5#4	322	322	1	4	833	95	96	Güft_	20.38889
498	9	Re5	D5	327	327	1	8	417	95	96	ü 	20.44444
499	9	Mi5b4	E5b4	332	332	3	16	625	99	96	gûy_	20.52778
500	9	Re5	D5	327	327	1	16	208	99	96		20.55556
501	9	Fa5#4	F5#4	344	344	1	8	417	99	96		20.61111
502	9	Mi5b4	E5b4	332	332	1	16	208	99	96		20.63889
503	9	Re5	D5	327	327	1	16	208	95	96		20.66667
504	9	Sol5	G5	349	349	1	2	1667	99	96	i 	20.88889
505	53			0	0	0	0	0	0	0		20.88889
506	54			0	0	0	0	0	0	0	nikriz@do5	20.88889
507	9	La5	A5	358	358	1	4	833	99	96		21
508	9	Si5b5	B5b5	362	362	1	16	208	99	96		21.02778
509	9	La5	A5	358	358	1	16	208	99	96		21.05556
510	9	Sol5	G5	349	349	1	16	208	99	96		21.08333
511	9	Fa5#4	F5#4	344	344	1	16	208	99	96		21.11111
512	9	Mi5b4	E5b4	332	332	1	16	208	99	96		21.13889
513	9	Re5	D5	327	327	1	16	208	99	96		21.16667
514	9	Do5	C5	318	318	1	16	208	99	96		21.19444
515	9	Si4b1	B4b1	313	313	1	16	208	99	96		21.22222
516	9	Do5	C5	318	318	1	8	417	95	96		21.27778
517	55			0	0	0	0	0	0	0		21.27778
518	9	Mi5b4	E5b4	332	332	1	4	833	95	96	â	21.38889
519	9	Mi5b4	E5b4	332	332	1	16	208	99	96	le	21.41667
520	9	Re5	D5	327	327	1	16	208	95	96		21.44444
521	9	Re5	D5	327	327	3	16	625	99	96	me 	21.52778
522	9	Do5	C5	318	318	1	16	208	99	96		21.55556
523	9	Do5	C5	318	318	3	16	625	99	96		21.63889
524	9	Si4b5	B4b5	309	309	1	16	208	95	96		21.66667
525	9	Si4b5	B4b5	309	309	3	16	625	99	96	al	21.75
526	9	La4b4	A4b4	301	301	1	16	208	99	96		21.77778
527	9	Sol4	G4	296	296	3	16	625	99	96		21.86111
528	9	Mi5b4	E5b4	332	332	1	16	208	99	96		21.88889
529	9	Re5	D5	327	327	1	16	208	99	96		21.91667
530	9	Do5	C5	318	318	1	16	208	99	96		21.94444
531	9	Si4b5	B4b5	309	309	1	16	208	99	96		21.97222
532	9	La4b4	A4b4	301	301	1	16	208	99	96		22
533	9	Sol4	G4	296	296	3	16	625	99	96		22.08333
534	9	Do5	C5	318	318	1	16	208	99	96		22.11111
535	9	Si4b1	B4b1	313	313	1	16	208	99	96		22.13889
536	9	Do5	C5	318	318	1	16	208	99	96		22.16667
537	9	Re5	D5	327	327	1	4	833	95	96		22.27778
538	53			0	0	0	0	0	0	0		22.27778
539	9	Re5	D5	327	327	1	16	208	99	96	dan	22.30556
540	9	Do5	C5	318	318	1	16	208	99	96		22.33333
541	9	Si4b1	B4b1	313	313	1	8	417	95	96		22.38889
542	9	Do5	C5	318	318	1	8	417	95	96	ma 	22.44444
543	9	Re5	D5	327	327	1	8	417	99	96	hep 	22.5
544	9	Mi5b2	E5b1	334	335	1	8	417	99	96		22.55556
545	9	Fa5	F5	340	340	1	8	417	99	96		22.61111
546	9	Sol5	G5	349	349	1	8	417	95	96		22.66667
547	53			0	0	0	0	0	0	0		22.66667
548	9	Sol5	G5	349	349	3	16	625	99	96	ef	22.75
549	9	Fa5	F5	340	340	1	16	208	99	96		22.77778
550	9	Fa5	F5	340	340	3	16	625	99	96		22.86111
551	9	Mi5b2	E5b1	334	335	1	16	208	99	96		22.88889
552	9	Mi5b2	E5b1	334	335	1	8	417	99	96		22.94444
553	9	Re5	D5	327	327	1	16	208	99	96		22.97222
554	9	Mi5b2	E5b1	334	335	1	16	208	99	96		23
555	9	Fa5	F5	340	340	1	8	417	99	96		23.05556
556	9	Sol5	G5	349	349	1	16	208	99	96		23.08333
557	9	Fa5	F5	340	340	1	16	208	99	96		23.11111
558	9	Mi5b2	E5b1	334	335	1	16	208	99	96		23.13889
559	9	Re5	D5	327	327	1	16	208	99	96		23.16667
560	9	Do5	C5	318	318	1	4	833	95	96		23.27778
561	53			0	0	0	0	0	0	0		23.27778
562	9	Re5	D5	327	327	1	16	208	99	96	sa	23.30556
563	9	Mi5b2	E5b1	334	335	1	16	208	99	96		23.33333
564	9	Fa5	F5	340	340	1	8	417	99	96		23.38889
565	9	Sol5	G5	349	349	1	8	417	99	96		23.44444
566	9	La5b4	A5b4	354	354	1	8	417	99	96		23.5
567	9	Sol5	G5	349	349	1	16	208	99	96		23.52778
568	9	Fa5	F5	340	340	1	16	208	99	96		23.55556
569	9	Si5b1	B5b1	366	366	1	8	417	99	96		23.61111
570	9	La5b4	A5b4	354	354	1	16	208	95	96		23.63889
571	9	Sol5	G5	349	349	1	16	208	95	96	ne	23.66667
572	9	Sol5	G5	349	349	3	8	1250	95	96	dir  	23.83333
573	53			0	0	0	0	0	0	0		23.83333
574	9	Sol5	G5	349	349	1	16	208	95	96	SAZ	23.86111
575	9	La5b4	A5b4	354	354	1	16	208	95	96	.	23.88889
576	9	Sol5	G5	349	349	1	16	208	95	96	.	23.91667
577	9	Fa5	F5	340	340	1	16	208	95	96	.	23.94444
578	9	Mi5b2	E5b1	334	335	1	16	208	95	96	.	23.97222
579	9	Fa5	F5	340	340	1	16	208	95	96	.	24
580	9	Sol5	G5	349	349	3	16	625	95	96	.	24.08333
581	9	La5b5	A5b5	353	353	1	16	208	95	96	.	24.11111
582	9	Sol5	G5	349	349	1	16	208	95	96	.	24.13889
583	9	Si5b1	B5b1	366	366	1	16	208	95	96	.	24.16667
584	9	La5b5	A5b5	353	353	1	8	417	95	96	.	24.22222
585	53			0	0	0	0	0	0	0		24.22222
586	9	Es	Es	-1	-1	1	8	417	100	0		24.27778
587	9	La5b5	A5b5	353	353	1	4	833	95	96	Sâ	24.38889
588	9	La5b5	A5b5	353	353	1	8	417	95	96	ki	24.44444
589	9	La5b5	A5b5	353	353	3	16	625	99	96	yâ 	24.52778
590	9	Sol5	G5	349	349	1	16	208	99	96		24.55556
591	9	Fa5	F5	340	340	1	8	417	99	96		24.61111
592	9	Sol5	G5	349	349	1	8	417	95	96		24.66667
593	9	Mi5b5	E5b5	331	331	3	16	625	99	96	uş	24.75
594	9	Do6	C6	371	371	1	16	208	99	96		24.77778
595	9	Si5b5	B5b5	362	362	1	8	417	99	96		24.83333
596	9	La5b5	A5b5	353	353	1	8	417	99	96		24.88889
597	9	Sol5	G5	349	349	1	8	417	99	96		24.94444
598	9	Fa5	F5	340	340	1	8	417	99	96		25
599	9	Fa5	F5	340	340	1	8	417	99	96		25.05556
600	9	Sol5	G5	349	349	1	16	208	99	96		25.08333
601	9	Fa5	F5	340	340	1	16	208	99	96		25.11111
602	9	Mi5b5	E5b5	331	331	1	16	208	99	96		25.13889
603	9	Re5	D5	327	327	1	16	208	99	96		25.16667
604	9	Mi5b5	E5b5	331	331	1	4	833	95	96		25.27778
605	53			0	0	0	0	0	0	0		25.27778
606	9	Fa5	F5	340	340	1	16	208	99	96	şâ	25.30556
607	9	Mi5b5	E5b5	331	331	1	16	208	99	96		25.33333
608	9	Re5	D5	327	327	1	8	417	95	96		25.38889
609	9	Mi5b5	E5b5	331	331	1	8	417	95	96	kı 	25.44444
610	9	Fa5	F5	340	340	3	16	625	99	96	dil	25.52778
611	9	La5b5	A5b5	353	353	1	16	208	99	96		25.55556
612	9	Sol5	G5	349	349	1	16	208	99	96		25.58333
613	9	Fa5	F5	340	340	1	16	208	99	96		25.61111
614	9	Mi5b5	E5b5	331	331	1	16	208	99	96		25.63889
615	9	Re5	D5	327	327	1	16	208	95	96		25.66667
616	9	Re5	D5	327	327	3	8	1250	99	96	şâd 	25.83333
617	53			0	0	0	0	0	0	0		25.83333
618	9	Do5	C5	318	318	1	8	417	99	96		25.88889
619	9	Re5	D5	327	327	3	32	312	99	96		25.93056
620	9	Fa5	F5	340	340	1	32	104	99	96		25.94444
621	9	Mi5b5	E5b5	331	331	1	16	208	99	96		25.97222
622	9	Re5	D5	327	327	1	16	208	99	96		26
623	9	Re5	D5	327	327	1	16	208	99	96		26.02778
624	9	Mi5b5	E5b5	331	331	1	16	208	99	96		26.05556
625	9	Fa5	F5	340	340	1	16	208	99	96		26.08333
626	9	Sol5	G5	349	349	1	16	208	99	96		26.11111
627	9	Sol5	G5	349	349	1	16	208	99	96		26.13889
628	9	Fa5	F5	340	340	1	16	208	99	96		26.16667
629	9	Mi5b5	E5b5	331	331	1	16	208	99	96		26.19444
630	9	Re5	D5	327	327	1	16	208	99	96		26.22222
631	9	Do5	C5	318	318	1	8	417	95	96		26.27778
632	53			0	0	0	0	0	0	0		26.27778
633	9	Re5	D5	327	327	1	16	208	99	96	ey	26.30556
634	9	Do5	C5	318	318	1	16	208	99	96		26.33333
635	9	Si4b5	B4b5	309	309	1	8	417	95	96		26.38889
636	9	Do5	C5	318	318	1	8	417	95	96	le	26.44444
637	9	Re5	D5	327	327	1	8	417	99	96	yen 	26.5
638	9	Mi5b5	E5b5	331	331	1	8	417	99	96		26.55556
639	9	Fa5	F5	340	340	1	8	417	99	96		26.61111
640	9	Sol5	G5	349	349	1	8	417	95	96		26.66667
641	9	Fa5	F5	340	340	1	8	417	99	96	pey	26.72222
642	9	Sol5	G5	349	349	1	16	208	99	96		26.75
643	9	Fa5	F5	340	340	1	16	208	99	96		26.77778
644	9	Fa5	F5	340	340	1	16	208	99	96		26.80556
645	9	Mi5b5	E5b5	331	331	1	16	208	99	96		26.83333
646	9	Mi5b5	E5b5	331	331	1	16	208	99	96		26.86111
647	9	Re5	D5	327	327	1	16	208	99	96		26.88889
648	9	Re5	D5	327	327	1	16	208	99	96		26.91667
649	9	Do5	C5	318	318	1	16	208	99	96		26.94444
650	9	Do5	C5	318	318	1	16	208	99	96		26.97222
651	9	Si4b5	B4b5	309	309	1	16	208	95	96		27
652	9	Do5	C5	318	318	1	8	417	99	96		27.05556
653	9	Re5	D5	327	327	1	16	208	99	96		27.08333
654	9	Do5	C5	318	318	1	16	208	99	96		27.11111
655	9	Si4b5	B4b5	309	309	1	16	208	99	96		27.13889
656	9	La4b5	A4b5	300	300	1	16	208	99	96		27.16667
657	9	Sol4	G4	296	296	1	16	208	99	96		27.19444
658	9	Fa4	F4	287	287	1	16	208	99	96		27.22222
659	9	Sol4	G4	296	296	1	8	417	95	96		27.27778
660	53			0	0	0	0	0	0	0		27.27778
661	9	Mi5b5	E5b5	331	331	1	4	833	99	96	mâ	27.38889
662	9	Re5	D5	327	327	1	16	208	99	96		27.41667
663	9	Do5	C5	318	318	1	16	208	99	96		27.44444
664	9	Si4b5	B4b5	309	309	1	8	417	99	96		27.5
665	9	Do5	C5	318	318	1	16	208	99	96		27.52778
666	9	Si4b5	B4b5	309	309	1	16	208	99	96		27.55556
667	9	Si4b5	B4b5	309	309	1	16	208	99	96		27.58333
668	9	La4b5	A4b5	300	300	1	16	208	99	96		27.61111
669	9	La4b5	A4b5	300	300	1	16	208	95	96		27.63889
670	9	Sol4	G4	296	296	1	16	208	95	96	ne	27.66667
671	53			0	0	0	0	0	0	0		27.66667
672	9	Sol4	G4	296	296	3	8	1250	95	96	dir  	27.83333